nest-tstat.pcap {'49200,49196,49192,49188,49172,49162,165,163,161,159,107,106,105,104,57,56,55,54,136,135,134,133,49202,49198,49194,49190,49167,49157,157,61,53,132,49199,49195,49191,49187,49171,49161,164,162,160,158,103,64,63,62,51,50,49,48,154,153,152,151,69,68,67,66,49201,49197,49193,49189,49166,49156,156,60,47,150,65,7,49170,49160,22,19,16,13,49165,49155,10,255;0,11,10,13,15,13172,16,21;23,25,28,27,24,26,22,14,13,11,12,9,10;0,1,2'}
wemo-plug.pcap {'57,56,53,22,19,10,51,50,154,153,47,150,255;0;;'}
wink-hub2.pcap {'49200,49196,49192,49188,49172,49162,165,163,161,159,107,106,105,104,57,56,55,54,136,135,134,133,49202,49198,49194,49190,49167,49157,157,61,53,132,49199,49195,49191,49187,49171,49161,164,162,160,158,103,64,63,62,51,50,49,48,154,153,152,151,69,68,67,66,49201,49197,49193,49189,49166,49156,156,60,47,150,65,7,49170,49160,22,19,16,13,49165,49155,10,255;0,11,10,13,15,13172,16,21;23,25,28,27,24,26,22,14,13,11,12,9,10;0,1,2', '49199,49195,49200,49196,158,159,49191,49187,49171,49161,49192,49188,49172,49162,103,51,107,57,61,255;11,10,35,13,15;23,25,28,27,24,26,22,14,13,11,12,9,10;0,1,2'}
zmodo-doorbell.pcap {'49196,49200,159,49325,49311,49188,49192,107,49162,49172,57,49327,49315,49287,49291,49277,49267,49271,196,136,49195,49199,158,49324,49310,49187,49191,103,49161,49171,51,49326,49314,49286,49290,49276,49266,49270,190,69,49160,49170,22,171,49319,49208,179,49206,145,49297,49307,49303,49323,170,49318,49207,178,49205,144,49296,49302,49306,49322,49204,143,157,49309,61,53,49202,49194,49167,49198,49190,49157,49313,49275,192,132,49293,49273,49289,49269,156,49308,60,47,49201,49193,49166,49197,49189,49156,49312,49274,186,65,49292,49272,49288,49268,10,49165,49155,173,183,149,49299,49305,172,182,148,49298,49304,147,169,49317,175,141,49295,49301,49321,168,49316,174,140,49294,49300,49320,139,255;0,13,10,11,22,23,35;25,28,24,27,23,22,26,21,20,19,18;0'}
smartthings-hub.pcap {'4866,4867,4865,49196,49200,159,52393,52392,52394,49195,49199,158,49188,49192,107,49187,49191,103,49162,49172,57,49161,49171,51,157,156,61,60,53,47,255;11,10,35,22,23,13,43,45,51;29,23,30,25,24;0,1,2', '49196,52393,49325,49162,49195,49324,49161,49200,52392,49172,49199,49171,157,49309,53,156,49308,47,159,52394,49311,57,158,49310,51;5,10,11,13,16,22,23,65281,0,28;23,24,25,29,256,257,258,259,260;0', '49162,49161,49172,49171,53,47,57,51;5,10,11,35,65281,28;23,24,25,29,256,257,258,259,260;0', '49196,49200,159,52393,52392,52394,49195,49199,158,49188,49192,107,49187,49191,103,49162,49172,57,49161,49171,51,157,156,61,60,53,47,255;11,10,35,22,23,13;29,23,25,24;0,1,2'}
fridge.pcap {'49200,49196,49192,49188,49172,49162,165,163,161,159,107,106,105,104,57,56,55,54,49202,49198,49194,49190,49167,49157,157,61,53,49199,49195,49191,49187,49171,49161,164,162,160,158,103,64,63,62,51,50,49,48,154,153,152,151,49201,49197,49193,49189,49166,49156,156,60,47,150,49170,49160,22,19,16,13,49165,49155,10,255;0,11,10,13,15,13172,16,21;23,25,28,27,24,26,22,14,13,11,12,9,10;0,1,2'}
t-echodot.pcap {'49195,49187,49199,49191,49161,49171,158,103,51,156,60,47,255;11,10,13;14,13,25,11,12,24,9,10,22,23,8,6,7,20,21,4,5,18,19,1,2,3,15,16,17;0,1,2', '49195,49196,49199,49200,158,159,49161,49162,49171,49172,51,57,50,56,49159,49169,156,157,47,53,5,255;0,11,10,35,13,21;14,13,25,11,12,24,9,10,22,23,8,6,7,20,21,4,5,18,19,1,2,3,15,16,17;0,1,2', '49195,49187,49199,49191,255;11,10,13,13172;14,13,25,11,12,24,9,10,22,23,8,6,7,20,21,4,5,18,19,1,2,3,15,16,17;0,1,2', '49200,49196,49192,49188,49172,49162,163,159,107,106,57,56,49202,49198,49194,49190,49167,49157,157,61,53,49199,49195,49191,49187,49171,49161,162,158,103,64,51,50,49201,49197,49193,49189,49166,49156,156,60,47,49170,49160,22,19,49165,49155,10,255;0,11,10,13,13172,21;14,13,25,11,12,24,9,10,22,23,8,6,7,20,21,4,5,18,19,1,2,3,15,16,17;0,1,2', '49200,49196,49192,49188,49172,49162,165,163,161,159,107,106,105,104,57,56,55,54,136,135,134,133,49202,49198,49194,49190,49167,49157,157,61,53,132,49199,49195,49191,49187,49171,49161,164,162,160,158,103,64,63,62,51,50,49,48,69,68,67,66,49201,49197,49193,49189,49166,49156,156,60,47,65,255;0,11,10,35,13,15;23,25,28,27,24,26,22,14,13,11,12,9,10;0,1,2', '49196,49200,49195,49199,255;11,10,13,16;14,13,25,11,12,24,9,10,22,23,8,6,7,20,21,4,5,18,19,1,2,3,15,16,17;0,1,2', '49195,49196,49199,49200,158,159,49161,49162,49171,49172,51,57,50,56,49159,49169,156,157,47,53,5,255;0,11,10,35,13;14,13,25,11,12,24,9,10,22,23,8,6,7,20,21,4,5,18,19,1,2,3,15,16,17;0,1,2'}
ikettle.pcap {'49191,60,255;0,13,10,11;23;0'}
dlink-mov.pcap {'49200,49196,49192,49188,49172,49162,49186,49185,163,159,107,106,57,56,49202,49198,49194,49190,49167,49157,157,61,53,49170,49160,49180,49179,22,19,49165,49155,10,49199,49195,49191,49187,49171,49161,49183,49182,162,158,103,64,51,50,49201,49197,49193,49189,49166,49156,156,60,47,49169,49159,49164,49154,5,4,21,18,9,20,17,8,6,3,255;11,10,35,13,15;14,13,25,11,12,24,9,10,22,23,8,6,7,20,21,4,5,18,19,1,2,3,15,16,17;0,1,2'}
lgtv-wired.pcap {'49200,49196,49192,49188,49172,49162,165,163,161,159,107,106,105,104,57,56,55,54,136,135,134,133,49202,49198,49194,49190,49167,49157,157,61,53,132,49199,49195,49191,49187,49171,49161,164,162,160,158,103,64,63,62,51,50,49,48,154,153,152,151,69,68,67,66,49201,49197,49193,49189,49166,49156,156,60,47,150,65,7,49170,49160,22,19,16,13,49165,49155,10,255;0,11,10,13,15,13172,16,21;23,25,28,27,24,26,22,14,13,11,12,9,10;0,1,2'}
homepod.pcap {'4865,4866,4867,49196,49195,52393,49200,49199,52392,49188,49187,49162,49161,49192,49191,49172,49171,157,156,61,60,53,47,49160,49170,10,GREASE;0,23,65281,10,11,16,5,13,18,51,45,43,21,GREASE;29,23,24,25,GREASE;0', '4865,4866,4867,49196,49195,52393,49200,49199,52392,49188,49187,49162,49161,49192,49191,49172,49171,157,156,61,60,53,47,49160,49170,10,GREASE;0,23,65281,10,11,35,16,5,13,18,51,45,43,21,GREASE;29,23,24,25,GREASE;0', '49196,49195,52393,49200,49199,52392,49188,49187,49162,49161,49192,49191,49172,49171,157,156,61,60,53,47,49160,49170,10;23,65281,10,11,16,5,13,18;29,23,24,25;0', '4865,4866,4867,49196,49195,52393,49200,49199,52392,49188,49187,49162,49161,49192,49191,49172,49171,157,156,61,60,53,47,49160,49170,10,22016,GREASE;0,23,65281,10,11,16,5,13,18,51,45,43,21,GREASE;29,23,24,25,GREASE;0'}
amcrest-cam-wired.pcap {'49200,49196,49192,49188,49172,49162,163,159,107,106,57,56,136,135,49202,49198,49194,49190,49167,49157,157,61,53,132,49199,49195,49191,49187,49171,49161,162,158,103,64,51,50,154,153,69,68,49201,49197,49193,49189,49166,49156,156,60,47,150,65,49170,49160,22,19,49165,49155,10,255,22016;11,10,13,15;14,13,25,11,12,24,9,10,22,23,8,6,7,20,21,4,5,18,19,1,2,3,15,16,17;0,1,2'}
smartlife-bulb.pcap {'174,255;1,22,23;;'}
firetv.pcap {'49195,49199,158,49162,49161,49171,49172,51,50,57,156,47,53,255;0,11,10,35,13,16;14,13,25,11,12,24,9,10,22,23,8,6,7,20,21,4,5,18,19,1,2,3,15,16,17;0,1,2', '49195,49199,158,49162,49161,49171,49172,51,57,156,47,53,255;11,10,13;14,13,25,11,12,24,9,10,22,23,8,6,7,20,21,4,5,18,19,1,2,3,15,16,17;0,1,2', '49195,49187,49199,49191,49161,49171,158,103,51,156,60,47,255;11,10,13;14,13,25,11,12,24,9,10,22,23,8,6,7,20,21,4,5,18,19,1,2,3,15,16,17;0,1,2', '49195,49196,49199,49200,49171,49172,156,157,47,53,255;0,11,10,35,13,16;14,13,25,11,12,24,9,10,22,23,8,6,7,20,21,4,5,18,19,1,2,3,15,16,17;0,1,2', '49195,49196,49199,49200,158,159,49161,49162,49171,49172,51,57,50,56,49159,49169,156,157,47,53,5,255;0,11,10,35,13,21;14,13,25,11,12,24,9,10,22,23,8,6,7,20,21,4,5,18,19,1,2,3,15,16,17;0,1,2', '49196,49200,49195,49199,255;11,10,13,16;14,13,25,11,12,24,9,10,22,23,8,6,7,20,21,4,5,18,19,1,2,3,15,16,17;0,1,2', '49195,49196,49199,49200,158,159,49161,49162,49171,49172,51,57,50,56,49159,49169,156,157,47,53,5,255;0,11,10,35,13;14,13,25,11,12,24,9,10,22,23,8,6,7,20,21,4,5,18,19,1,2,3,15,16,17;0,1,2'}
switchbot-hub.pcap {'49196,255;13,10,11;24,23;0'}
invoke.pcap {'49200,49196,49192,49188,49172,49162,49202,49198,49194,49190,49167,49157,157,61,53,49199,49195,49191,49187,49171,49161,49201,49197,49193,49189,49166,49156,156,60,47,49170,49160,49165,49155,10,255;11,10,13,15;23,25,28,27,24,26,22;0,1,2'}
echoplus.pcap {'49195,49187,49199,49191,49161,49171,158,103,51,156,60,47,255;11,10,13;14,13,25,11,12,24,9,10,22,23,8,6,7,20,21,4,5,18,19,1,2,3,15,16,17;0,1,2', '49195,49196,49199,49200,158,159,49161,49162,49171,49172,51,57,50,56,49159,49169,156,157,47,53,5,255;0,11,10,35,13,21;14,13,25,11,12,24,9,10,22,23,8,6,7,20,21,4,5,18,19,1,2,3,15,16,17;0,1,2', '49200,49196,49192,49188,49172,49162,165,163,161,159,107,106,105,104,57,56,55,54,136,135,134,133,49202,49198,49194,49190,49167,49157,157,61,53,132,49199,49195,49191,49187,49171,49161,164,162,160,158,103,64,63,62,51,50,49,48,69,68,67,66,49201,49197,49193,49189,49166,49156,156,60,47,65,49170,49160,22,19,16,13,49165,49155,10,255;0,11,10,13,13172,16,21;23,25,28,27,24,26,22,14,13,11,12,9,10;0,1,2', '49200,49196,49192,49188,49172,49162,165,163,161,159,107,106,105,104,57,56,55,54,136,135,134,133,49202,49198,49194,49190,49167,49157,157,61,53,132,49199,49195,49191,49187,49171,49161,164,162,160,158,103,64,63,62,51,50,49,48,69,68,67,66,49201,49197,49193,49189,49166,49156,156,60,47,65,255;0,11,10,35,13,15;23,25,28,27,24,26,22,14,13,11,12,9,10;0,1,2', '49196,49200,49195,49199,255;11,10,13,16;14,13,25,11,12,24,9,10,22,23,8,6,7,20,21,4,5,18,19,1,2,3,15,16,17;0,1,2', '49195,49196,49199,49200,158,159,49161,49162,49171,49172,51,57,50,56,49159,49169,156,157,47,53,5,255;0,11,10,35,13;14,13,25,11,12,24,9,10,22,23,8,6,7,20,21,4,5,18,19,1,2,3,15,16,17;0,1,2'}
tplink-plug.pcap {'49200,49196,49192,49188,49172,49162,163,159,107,106,57,56,136,135,49202,49198,49194,49190,49167,49157,157,61,53,132,49199,49195,49191,49187,49171,49161,162,158,103,64,51,50,154,153,69,68,49201,49197,49193,49189,49166,49156,156,60,47,150,65,7,49170,49160,22,19,49165,49155,10,255;0,11,10,13,15,13172,21;14,13,25,11,12,24,9,10,22,23,8,6,7,20,21,4,5,18,19,1,2,3,15,16,17;0,1,2', '49200,49196,49192,49188,49172,49162,163,159,107,106,57,56,136,135,49202,49198,49194,49190,49167,49157,157,61,53,132,49199,49195,49191,49187,49171,49161,162,158,103,64,51,50,154,153,69,68,49201,49197,49193,49189,49166,49156,156,60,47,150,65,7,49169,49159,49164,49154,5,4,49170,49160,22,19,49165,49155,10,21,18,9,20,17,8,6,3,255;11,10,35,13,15;14,13,25,11,12,24,9,10,22,23,8,6,7,20,21,4,5,18,19,1,2,3,15,16,17;0,1,2'}
yi-camera.pcap {'61,60,53,47,5,4,10;13;;'}
echospot.pcap {'49195,49196,49199,49200,49171,49172,156,157,47,53,255;0,11,10,35,13,16,21;14,13,25,11,12,24,9,10,22,23,8,6,7,20,21,4,5,18,19,1,2,3,15,16,17;0,1,2', '49195,49187,49199,49191,49161,49171,158,103,51,156,60,47,255;11,10,13;14,13,25,11,12,24,9,10,22,23,8,6,7,20,21,4,5,18,19,1,2,3,15,16,17;0,1,2', '49195,49196,49199,49200,49171,49172,156,157,47,53,255;0,11,10,35,13,16;14,13,25,11,12,24,9,10,22,23,8,6,7,20,21,4,5,18,19,1,2,3,15,16,17;0,1,2', '49195,49196,49199,49200,158,159,49161,49162,49171,49172,51,57,50,56,49159,49169,156,157,47,53,5,255;0,11,10,35,13,21;14,13,25,11,12,24,9,10,22,23,8,6,7,20,21,4,5,18,19,1,2,3,15,16,17;0,1,2', '49161,49162,49171,49172,51,57,50,56,49159,49169,47,53,5,255,22016;;;', '49200,49196,49192,49188,49172,49162,165,163,161,159,107,106,105,104,57,56,55,54,136,135,134,133,49202,49198,49194,49190,49167,49157,157,61,53,132,49199,49195,49191,49187,49171,49161,164,162,160,158,103,64,63,62,51,50,49,48,69,68,67,66,49201,49197,49193,49189,49166,49156,156,60,47,65,255;0,11,10,35,13,15;23,25,28,27,24,26,22,14,13,11,12,9,10;0,1,2', '49196,49200,49195,49199,255;11,10,13,16;14,13,25,11,12,24,9,10,22,23,8,6,7,20,21,4,5,18,19,1,2,3,15,16,17;0,1,2', '49195,49196,49199,49200,158,159,49161,49162,49171,49172,51,57,50,56,49159,49169,156,157,47,53,5,255;0,11,10,35,13;14,13,25,11,12,24,9,10,22,23,8,6,7,20,21,4,5,18,19,1,2,3,15,16,17;0,1,2', '49171,49172,47,53,255;0,11,10,35,16,21;14,13,25,11,12,24,9,10,22,23,8,6,7,20,21,4,5,18,19,1,2,3,15,16,17;0,1,2', '49195,49196,49199,49200,158,159,49161,49162,49171,49172,51,57,50,56,49159,49169,156,157,47,53,5,255;0,11,10,35,13,13172,16,21;14,13,25,11,12,24,9,10,22,23,8,6,7,20,21,4,5,18,19,1,2,3,15,16,17;0,1,2'}
brewer.pcap {'47,10,5,4;65281,13;;'}
t-philips-hub.pcap {'52392,52393,52394,49196,49200,159,49325,49311,49188,49192,107,49162,49172,57,49327,49315,49287,49291,49277,49267,49271,196,136,49195,49199,158,49324,49310,49187,49191,103,49161,49171,51,49326,49314,49286,49290,49276,49266,49270,190,69,157,49309,61,53,49202,49194,49167,49198,49190,49157,49313,49275,192,132,49293,49273,49289,49269,156,49308,60,47,49201,49193,49166,49197,49189,49156,49312,49274,186,65,49292,49272,49288,49268,255;0,13,10,11,22,23,35;25,28,24,27,23,22,26,21,20,19,18;0'}
dryer.pcap {'49200,49196,49192,49188,49172,49162,163,159,107,106,57,56,49202,49198,49194,49190,49167,49157,157,61,53,49199,49195,49191,49187,49171,49161,162,158,103,64,51,50,154,153,49201,49197,49193,49189,49166,49156,156,60,47,150,49170,49160,22,19,49165,49155,10,255;0,11,10,13,15,13172,21;14,13,25,11,12,24,9,10,22,23,8,6,7,20,21,4,5,18,19,1,2,3,15,16,17;0,1,2', '49200,49196,49192,49188,49172,49162,163,159,107,106,57,56,49202,49198,49194,49190,49167,49157,157,61,53,49199,49195,49191,49187,49171,49161,162,158,103,64,51,50,154,153,49201,49197,49193,49189,49166,49156,156,60,47,150,49169,49159,49164,49154,5,4,49170,49160,22,19,49165,49155,10,21,18,9,255;11,10,35,13,15,21;14,13,25,11,12,24,9,10,22,23,8,6,7,20,21,4,5,18,19,1,2,3,15,16,17;0,1,2'}
echodot3a.pcap {'49196,49200,159,49195,49199,158,52393,52392,49162,49188,49172,49192,57,107,49161,49187,49171,49191,51,103,157,156,53,61,47,60,10;65281,0,23,35,13,11,10;23,24,25;0', '49195,49187,49199,49191,255;11,10,13,13172;14,13,25,11,12,24,9,10,22,23,8,6,7,20,21,4,5,18,19,1,2,3,15,16,17;0,1,2', '49195,49187,49199,49191;65281,23,13,13172,16,11,10;23,24,25;0', '52392,52393,52394,49196,49200,159,49325,49311,49188,49192,107,49162,49172,57,49327,49315,49287,49291,49277,49267,49271,196,136,49195,49199,158,49324,49310,49187,49191,103,49161,49171,51,49326,49314,49286,49290,49276,49266,49270,190,69,52396,52397,171,49319,49208,179,49206,145,49297,49307,49303,49323,170,49318,49207,178,49205,144,49296,49302,49306,49322,157,49309,61,53,49202,49194,49167,49198,49190,49157,49313,49275,192,132,49293,49273,49289,49269,156,49308,60,47,49201,49193,49166,49197,49189,49156,49312,49274,186,65,49292,49272,49288,49268,52398,173,183,149,49299,49305,172,182,148,49298,49304,52395,169,49317,175,141,49295,49301,49321,168,49316,174,140,49294,49300,49320,255;0,13,10,11,22,23,16,35;25,28,24,27,23,22,26,21,20,19,18;0', '49196,49200,159,52393,52392,49162,49188,49172,49192,57,107,157,53,61,49195,49199,158,49161,49187,49171,49191,51,103,156,47,60,10;65281,0,23,13,13172,16,11,10;23,24,25;0', '52392,52393,52394,49196,49200,159,49325,49311,49188,49192,107,49162,49172,57,49327,49315,49287,49291,49277,49267,49271,196,136,49195,49199,158,49324,49310,49187,49191,103,49161,49171,51,49326,49314,49286,49290,49276,49266,49270,190,69,52396,52397,171,49319,49208,179,49206,145,49297,49307,49303,49323,170,49318,49207,178,49205,144,49296,49302,49306,49322,157,49309,61,53,49202,49194,49167,49198,49190,49157,49313,49275,192,132,49293,49273,49289,49269,156,49308,60,47,49201,49193,49166,49197,49189,49156,49312,49274,186,65,49292,49272,49288,49268,52398,173,183,149,49299,49305,172,182,148,49298,49304,52395,169,49317,175,141,49295,49301,49321,168,49316,174,140,49294,49300,49320,255;0,13,10,11,22,23,35;25,28,24,27,23,22,26,21,20,19,18;0'}
roku-tv.pcap {'4866,4867,4865,49196,49200,159,52393,52392,52394,49195,49199,158,49188,49192,107,49187,49191,103,49162,49172,57,49161,49171,51,157,156,61,60,53,47,255;11,10,35,22,23,13,43,45,51;29,23,30,25,24;0,1,2', '4866,4867,4865,49196,49200,163,159,52393,52392,52394,49327,49325,49315,49311,49245,49249,49239,49235,49195,49199,162,158,49326,49324,49314,49310,49244,49248,49238,49234,49188,49192,107,106,49267,49271,196,195,49187,49191,103,64,49266,49270,190,189,49162,49172,57,56,136,135,49161,49171,51,50,69,68,157,49313,49309,49233,156,49312,49308,49232,61,192,60,186,53,132,47,65,255;0,11,10,35,22,23,13,43,45,51;29,23,30,25,24;0,1,2', '4866,4867,4865,49196,49200,163,159,52393,52392,52394,49327,49325,49315,49311,49245,49249,49239,49235,49195,49199,162,158,49326,49324,49314,49310,49244,49248,49238,49234,49188,49192,107,106,49267,49271,196,195,49187,49191,103,64,49266,49270,190,189,49162,49172,57,56,136,135,49161,49171,51,50,154,153,69,68,157,49313,49309,49233,156,49312,49308,49232,61,192,60,186,53,132,47,150,65,255;0,11,10,13172,16,22,23,49,13,43,45,51,21;29,23,30,25,24;0,1,2'}
meross-dooropener.pcap {'61,53,60,47,10,141,174,140,139,255;0,13;;'}
microwave.pcap {'255,47,53;13,35;;'}
smartlife-remote.pcap {'174,255;1,22,23;;'}
google-home-mini3.pcap {'52393,52392,49195,49199,49196,49200,49161,49171,49162,49172,156,157,47,53,10;0,23,65281,10,11,16,13,13172;29,23,24;0', '4867,4865,4866,52393,52392,49195,49199,49196,49200,49171,49172,156,157,47,53,GREASE;0,23,65281,10,11,35,16,5,13,18,51,45,43,27,21,GREASE;29,23,24,GREASE;0', '4867,4865,4866,52393,52392,49195,49199,49196,49200,49171,49172,156,157,47,53,GREASE;0,23,65281,10,11,35,5,13,18,51,45,43,27,21,GREASE;29,23,24,GREASE;0'}
tplink-bulb.pcap {'52244,49196,49188,49195,49326,49187,49162,49161,49198,49190,49197,49189,49157,49156,52243,49200,49192,49199,49191,49172,49171,49202,49194,49201,49193,49167,49166,57,51,157,49309,49313,61,53,156,49308,49312,60,47;13,10,11;25,24,23,21,19;0', '49195,49196,49199,49200,49200,49200,49200,49200;0,13,10,11;25,24,23,21,19;0'}
appletv.pcap {'4865,4866,4867,49196,49195,52393,49200,49199,52392,49188,49187,49162,49161,49192,49191,49172,49171,GREASE;0,23,65281,10,11,16,5,13,18,51,45,43,21,GREASE;29,23,24,25,GREASE;0', '4865,4866,4867,49196,49195,52393,49200,49199,52392,49188,49187,49162,49161,49192,49191,49172,49171,157,156,61,60,53,47,49160,49170,10,GREASE;0,23,65281,10,11,16,5,13,18,51,45,43,21,GREASE;29,23,24,25,GREASE;0', '4865,4866,4867,49196,49195,52393,49200,49199,52392,49188,49187,49162,49161,49192,49191,49172,49171,157,156,61,60,53,47,49160,49170,10,GREASE;0,23,65281,10,11,35,16,5,13,18,51,45,43,21,GREASE;29,23,24,25,GREASE;0', '49196,49195,52393,49200,49199,52392,49188,49187,49162,49161,49192,49191,49172,49171,157,156,61,60,53,47,49160,49170,10;23,65281,10,11,16,5,13,18;29,23,24,25;0', '4865,4866,4867,49196,49195,52393,49200,49199,52392,49188,49187,49162,49161,49192,49191,49172,49171,157,156,61,60,53,47,49160,49170,10,GREASE;0,23,65281,10,11,35,5,13,18,51,45,43,21,GREASE;29,23,24,25,GREASE;0', '4865,4866,4867,49196,49195,52393,49200,49199,52392,49188,49187,49162,49161,49192,49191,49172,49171,157,156,61,60,53,47,49160,49170,10,22016,GREASE;0,23,65281,10,11,16,5,13,18,51,45,43,21,GREASE;29,23,24,25,GREASE;0'}
blink-hub.pcap {'52392,52393,52394,49196,49200,159,49325,49311,49188,49192,107,49162,49172,57,49327,49315,49287,49291,49277,49267,49271,196,136,49195,49199,158,49324,49310,49187,49191,103,49161,49171,51,49326,49314,49286,49290,49276,49266,49270,190,69,157,49309,61,53,49202,49194,49167,49198,49190,49157,49313,49275,192,132,49293,49273,49289,49269,156,49308,60,47,49201,49193,49166,49197,49189,49156,49312,49274,186,65,49292,49272,49288,49268,255;0,13,10,11,22,23,35;25,28,24,27,23,22,26,21,20,19,18;0'}